Epoch,IOU_Train,IOU_Val
0,0.5119,0.5276
1,0.5399,0.5449
2,0.5536,0.5206
3,0.5605,0.5422
4,0.5660,0.5363
5,0.5717,0.4769
6,0.5751,0.5519
7,0.5783,0.5510
8,0.5810,0.5321
9,0.5824,0.5444
10,0.5881,0.4692
11,0.5886,0.5484
12,0.5929,0.5377
13,0.5947,0.5535
14,0.5952,0.4898
15,0.5987,0.5107
16,0.5990,0.5488
17,0.6033,0.5279
18,0.6060,0.4239
19,0.6082,0.5429
20,0.6095,0.5421
21,0.6124,0.5308
22,0.6140,0.5357
23,0.6162,0.5556
24,0.6183,0.5547
25,0.6217,0.5453
26,0.6245,0.5325
27,0.6266,0.4930
28,0.6286,0.5123
29,0.6293,0.5540
30,0.6326,0.5310
31,0.6338,0.4981
32,0.6351,0.5160
33,0.6375,0.5395
34,0.6388,0.4942
35,0.6404,0.5519
36,0.6416,0.5012
37,0.6434,0.5528
38,0.6447,0.5103
39,0.6471,0.5402
40,0.6484,0.5529
41,0.6490,0.5312
42,0.6509,0.4952
43,0.6505,0.5039
44,0.6530,0.5234
45,0.6521,0.5206
46,0.6542,0.5291
47,0.6557,0.5145
48,0.6571,0.5547
49,0.6589,0.5130
50,0.6590,0.4883
51,0.6596,0.4719
52,0.6603,0.5537
53,0.6613,0.5466
54,0.6621,0.4851
55,0.6643,0.5043
56,0.6645,0.4914
57,0.6655,0.5336
58,0.6660,0.5117
59,0.6674,0.4985
60,0.6670,0.4645
61,0.6679,0.5484
62,0.6688,0.4725
63,0.6702,0.5142
64,0.6706,0.5301
65,0.6708,0.5028
66,0.6728,0.5386
67,0.6726,0.5297
68,0.6736,0.5361
69,0.6740,0.5320
70,0.6756,0.5267
71,0.6757,0.5019
72,0.6757,0.5106
73,0.6756,0.5549
74,0.6772,0.5440
75,0.6764,0.4470
76,0.6768,0.5258
77,0.6789,0.5362
78,0.6800,0.5029
79,0.6789,0.5045
80,0.6800,0.4894
81,0.6816,0.4234
82,0.6810,0.4842
83,0.6820,0.4797
84,0.6816,0.5405
85,0.6819,0.5462
86,0.6829,0.5052
87,0.6846,0.5181
88,0.6834,0.5105
89,0.6835,0.5135
90,0.6844,0.5401
91,0.6852,0.4784
92,0.6854,0.5238
93,0.6852,0.5463
94,0.6862,0.5195
95,0.6856,0.4665
96,0.6867,0.5278
97,0.6862,0.4990
98,0.6876,0.5162
99,0.6874,0.5323
100,0.6882,0.5475
101,0.6875,0.5001
102,0.6886,0.5235
103,0.6896,0.5319
104,0.6889,0.4686
105,0.6896,0.4940
106,0.6894,0.5278
107,0.6899,0.5375
108,0.6902,0.5196
109,0.6899,0.5131
110,0.6909,0.4342
111,0.6912,0.4539
112,0.6908,0.5479
113,0.6915,0.5067
114,0.6917,0.5272
115,0.6920,0.5187
116,0.6929,0.4899
117,0.6928,0.5366
118,0.6931,0.5379
119,0.6931,0.4343
120,0.6933,0.5293
121,0.6933,0.4851
122,0.6939,0.3747
123,0.6943,0.5005
124,0.6944,0.4658
125,0.6947,0.5375
126,0.6955,0.5038
127,0.6952,0.4674
128,0.6948,0.4907
129,0.6955,0.5285
130,0.6957,0.5119
131,0.6950,0.5075
132,0.6962,0.4562
133,0.6965,0.5016
134,0.6957,0.5089
135,0.6970,0.5212
136,0.6966,0.5158
137,0.6968,0.5288
138,0.6966,0.3669
139,0.6974,0.4993
140,0.6978,0.5029
141,0.6986,0.5426
142,0.6986,0.4071
143,0.6976,0.5294
144,0.6993,0.4674
145,0.6983,0.5111
146,0.6988,0.3760
147,0.6999,0.5448
148,0.6990,0.5053
149,0.6994,0.5179
150,0.6997,0.5023
151,0.7001,0.4931
152,0.7006,0.4720
153,0.7004,0.5001
154,0.7008,0.5210
155,0.7009,0.5249
156,0.7009,0.5410
157,0.7008,0.4830
158,0.7018,0.5237
159,0.7020,0.5341
160,0.7015,0.5145
161,0.7013,0.5058
162,0.7022,0.5100
163,0.7021,0.5008
164,0.7018,0.4864
165,0.7029,0.5159
166,0.7022,0.4818
167,0.7025,0.5116
168,0.7027,0.4563
169,0.7034,0.4753
170,0.7030,0.4926
171,0.7038,0.4966
172,0.7036,0.5135
173,0.7036,0.5036
174,0.7039,0.4824
175,0.7041,0.4780
176,0.7047,0.5320
177,0.7039,0.5487
178,0.7044,0.5141
179,0.7040,0.5081
180,0.7046,0.4749
181,0.7045,0.5136
182,0.7055,0.4922
183,0.7043,0.4965
184,0.7061,0.4955
185,0.7053,0.4869
186,0.7053,0.4941
187,0.7059,0.4914
188,0.7056,0.3742
189,0.7060,0.4651
190,0.7061,0.4838
191,0.7058,0.4894
192,0.7068,0.4652
193,0.7069,0.4876
194,0.7072,0.5269
195,0.7066,0.4564
196,0.7074,0.5050
197,0.7071,0.4929
198,0.7073,0.4628
199,0.7076,0.5242
200,0.7078,0.4918
201,0.7080,0.4697
202,0.7079,0.4653
203,0.7082,0.4803
204,0.7080,0.5148
205,0.7080,0.4491
206,0.7082,0.4520
207,0.7086,0.4992
208,0.7087,0.5302
209,0.7094,0.4710
210,0.7088,0.4491
211,0.7099,0.3937
212,0.7091,0.4611
213,0.7094,0.4086
214,0.7106,0.4894
215,0.7098,0.4071
216,0.7101,0.3955
217,0.7101,0.5205
218,0.7108,0.4548
219,0.7111,0.3501
220,0.7105,0.4981
221,0.7104,0.4688
222,0.7112,0.4607
223,0.7116,0.5044
224,0.7110,0.3970
225,0.7117,0.4632
226,0.7117,0.4922
227,0.7116,0.3843
228,0.7123,0.5160
229,0.7125,0.4905
230,0.7125,0.4647
231,0.7128,0.4562
232,0.7119,0.4469
233,0.7130,0.5262
234,0.7130,0.5280
235,0.7133,0.5045
236,0.7134,0.3671
237,0.7141,0.5001
238,0.7133,0.5284
239,0.7137,0.4282
240,0.7137,0.5146
241,0.7146,0.3946
242,0.7142,0.4985
243,0.7150,0.4848
244,0.7151,0.4513
245,0.7150,0.5127
246,0.7151,0.4493
247,0.7152,0.5147
248,0.7156,0.4424
249,0.7162,0.4263
250,0.7161,0.4925
251,0.7162,0.4650
252,0.7160,0.4790
253,0.7165,0.4660
254,0.7174,0.3719
255,0.7170,0.4742
256,0.7172,0.4756
257,0.7179,0.3987
258,0.7181,0.4429
259,0.7183,0.4946
260,0.7185,0.4594
261,0.7181,0.4533
262,0.7187,0.4390
263,0.7189,0.4295
264,0.7195,0.4359
265,0.7189,0.4274
266,0.7195,0.4812
267,0.7193,0.3991
268,0.7200,0.4748
269,0.7202,0.4391
270,0.7204,0.3836
271,0.7206,0.5066
272,0.7211,0.3117
273,0.7215,0.5234
274,0.7219,0.4683
275,0.7220,0.4444
276,0.7216,0.4071
277,0.7218,0.2751
278,0.7223,0.3775
279,0.7224,0.4510
280,0.7227,0.5157
281,0.7222,0.4295
282,0.7231,0.4820
283,0.7239,0.4421
284,0.7240,0.4437
285,0.7241,0.4228
286,0.7246,0.4775
287,0.7250,0.4507
288,0.7246,0.4644
289,0.7252,0.3828
290,0.7258,0.4206
291,0.7255,0.4667
292,0.7261,0.4140
293,0.7265,0.3336
294,0.7264,0.5253
295,0.7267,0.3968
296,0.7272,0.4694
297,0.7280,0.4381
298,0.7276,0.4534
299,0.7285,0.3108
300,0.7286,0.5126
301,0.7284,0.4422
302,0.7295,0.4592
303,0.7297,0.4311
304,0.7293,0.4618
305,0.7297,0.4712
306,0.7300,0.4842
307,0.7306,0.4063
308,0.7306,0.4562
309,0.7312,0.3595
310,0.7303,0.4674
311,0.7318,0.4516
312,0.7319,0.3503
313,0.7316,0.4615
314,0.7326,0.4064
315,0.7321,0.4655
316,0.7326,0.3700
317,0.7329,0.4361
318,0.7332,0.4850
319,0.7336,0.4369
320,0.7339,0.4396
321,0.7339,0.5006
322,0.7340,0.4659
323,0.7348,0.4762
324,0.7349,0.3710
325,0.7351,0.4734
326,0.7352,0.3974
327,0.7357,0.4337
328,0.7356,0.3526
329,0.7368,0.4425
330,0.7363,0.4493
331,0.7369,0.4183
332,0.7366,0.4784
333,0.7374,0.4439
334,0.7379,0.4927
335,0.7376,0.4152
336,0.7379,0.3815
337,0.7381,0.4252
338,0.7384,0.4562
339,0.7383,0.4558
340,0.7388,0.4503
341,0.7394,0.4497
342,0.7390,0.5031
343,0.7399,0.4787
344,0.7394,0.4345
345,0.7402,0.3162
346,0.7406,0.5117
347,0.7407,0.4992
348,0.7407,0.3203
349,0.7411,0.3015
350,0.7416,0.4628
351,0.7410,0.3531
352,0.7416,0.3764
353,0.7419,0.4443
354,0.7419,0.4417
355,0.7421,0.3977
356,0.7416,0.4857
357,0.7430,0.4344
358,0.7433,0.4228
359,0.7428,0.4800
360,0.7434,0.4205
361,0.7441,0.4601
362,0.7435,0.4105
363,0.7440,0.4839
364,0.7441,0.4243
365,0.7447,0.4903
366,0.7451,0.4015
367,0.7448,0.4844
368,0.7447,0.4526
369,0.7449,0.5149
370,0.7451,0.3729
371,0.7451,0.3862
372,0.7457,0.4362
373,0.7457,0.4843
374,0.7458,0.4789
375,0.7460,0.3720
376,0.7461,0.3244
377,0.7466,0.4276
378,0.7467,0.4052
379,0.7466,0.3938
380,0.7471,0.3203
381,0.7467,0.4192
382,0.7480,0.4160
383,0.7468,0.4081
384,0.7476,0.4676
385,0.7481,0.4445
386,0.7478,0.4352
387,0.7481,0.4809
388,0.7487,0.4403
389,0.7487,0.4665
390,0.7485,0.3302
391,0.7494,0.3746
392,0.7488,0.4941
393,0.7491,0.4622
394,0.7497,0.3349
395,0.7491,0.3900
396,0.7499,0.3629
397,0.7502,0.4118
398,0.7493,0.4781
399,0.7505,0.4131
400,0.7505,0.4321
401,0.7505,0.3877
402,0.7512,0.3722
403,0.7511,0.2886
404,0.7508,0.3101
405,0.7514,0.4280
406,0.7513,0.4217
407,0.7519,0.4375
408,0.7516,0.2998
409,0.7516,0.4120
410,0.7521,0.4439
411,0.7525,0.3833
412,0.7529,0.4267
413,0.7523,0.3561
414,0.7526,0.3408
415,0.7530,0.4020
416,0.7526,0.4021
417,0.7527,0.4008
418,0.7529,0.4494
419,0.7535,0.4279
420,0.7541,0.4066
421,0.7534,0.4790
422,0.7538,0.4749
423,0.7536,0.4340
424,0.7543,0.4277
425,0.7543,0.4721
426,0.7542,0.4652
427,0.7549,0.4000
428,0.7551,0.4666
429,0.7548,0.3819
430,0.7550,0.3896
431,0.7551,0.4526
432,0.7547,0.4640
433,0.7553,0.4362
434,0.7558,0.4460
435,0.7555,0.4505
436,0.7554,0.4665
437,0.7560,0.4141
438,0.7557,0.3293
439,0.7561,0.3806
440,0.7562,0.4144
441,0.7567,0.4456
442,0.7565,0.4652
443,0.7565,0.4515
444,0.7565,0.3803
445,0.7567,0.4114
446,0.7570,0.3664
447,0.7573,0.3704
448,0.7566,0.4176
449,0.7577,0.4473
450,0.7574,0.3636
451,0.7573,0.4055
452,0.7579,0.4383
453,0.7572,0.4790
454,0.7577,0.2986
455,0.7576,0.3900
456,0.7578,0.4289
457,0.7584,0.4064
458,0.7584,0.3105
459,0.7580,0.3129
460,0.7587,0.4995
461,0.7586,0.4052
462,0.7583,0.3704
463,0.7590,0.4461
464,0.7583,0.3795
465,0.7596,0.4077
466,0.7591,0.5097
467,0.7592,0.4476
468,0.7593,0.4703
469,0.7598,0.3074
470,0.7597,0.4466
471,0.7592,0.2425
472,0.7597,0.4123
473,0.7595,0.4020
474,0.7601,0.2266
475,0.7597,0.3795
476,0.7603,0.3956
477,0.7602,0.3660
478,0.7607,0.4175
479,0.7609,0.4502
480,0.7600,0.3903
481,0.7610,0.4332
482,0.7608,0.4137
483,0.7609,0.4703
484,0.7610,0.4351
485,0.7605,0.3777
486,0.7616,0.4200
487,0.7616,0.3750
488,0.7617,0.3205
489,0.7610,0.2703
490,0.7618,0.3308
491,0.7617,0.3805
492,0.7615,0.3212
493,0.7620,0.3895
494,0.7618,0.4621
495,0.7626,0.4284
496,0.7624,0.4457
497,0.7626,0.3916
498,0.7627,0.4661
499,0.7621,0.4113
500,0.7628,0.4706
501,0.7626,0.3917
502,0.7626,0.4671
503,0.7627,0.4365
504,0.7630,0.4648
505,0.7630,0.4000
506,0.7633,0.3985
507,0.7631,0.3556
508,0.7630,0.2156
509,0.7633,0.3388
510,0.7630,0.4318
511,0.7640,0.3919
512,0.7636,0.3200
513,0.7633,0.5010
514,0.7640,0.3811
515,0.7638,0.3550
516,0.7638,0.4589
517,0.7641,0.4635
518,0.7641,0.4029
519,0.7645,0.3933
520,0.7641,0.3313
521,0.7643,0.4120
522,0.7644,0.4034
523,0.7650,0.3112
524,0.7646,0.4650
525,0.7646,0.3925
526,0.7650,0.3813
527,0.7646,0.5078
528,0.7657,0.3914
529,0.7649,0.4341
530,0.7646,0.4475
531,0.7656,0.3729
532,0.7653,0.4377
533,0.7653,0.5016
534,0.7651,0.3989
535,0.7649,0.4435
536,0.7655,0.4580
537,0.7658,0.3948
538,0.7654,0.1736
539,0.7661,0.4715
540,0.7658,0.3605
541,0.7654,0.4453
542,0.7661,0.4361
543,0.7667,0.3081
544,0.7665,0.4304
545,0.7660,0.4044
546,0.7668,0.3343
547,0.7664,0.3883
548,0.7661,0.4537
549,0.7668,0.4784
550,0.7666,0.2859
551,0.7664,0.4809
552,0.7669,0.3649
553,0.7668,0.4645
554,0.7663,0.2743
555,0.7670,0.4581
556,0.7674,0.2107
557,0.7674,0.3502
558,0.7672,0.4468
559,0.7669,0.3645
560,0.7677,0.4988
561,0.7671,0.3830
562,0.7675,0.3402
563,0.7677,0.4635
564,0.7677,0.3547
565,0.7681,0.4065
566,0.7680,0.4241
567,0.7680,0.4259
568,0.7677,0.4191
569,0.7681,0.4178
570,0.7679,0.3377
571,0.7679,0.3589
572,0.7676,0.4364
573,0.7682,0.4418
574,0.7680,0.3466
575,0.7682,0.4538
576,0.7683,0.3563
577,0.7685,0.3566
578,0.7682,0.4361
579,0.7684,0.4101
580,0.7689,0.3553
581,0.7686,0.3773
582,0.7686,0.4687
583,0.7688,0.3607
584,0.7690,0.2933
585,0.7689,0.3587
586,0.7692,0.3599
587,0.7691,0.4474
588,0.7690,0.3779
589,0.7692,0.4820
590,0.7695,0.4750
591,0.7693,0.4148
592,0.7692,0.3284
593,0.7690,0.3499
594,0.7691,0.3649
595,0.7695,0.4317
596,0.7698,0.4245
597,0.7697,0.4263
598,0.7698,0.4704
599,0.7697,0.3400
600,0.7698,0.3999
601,0.7698,0.3850
602,0.7701,0.3611
603,0.7700,0.4590
604,0.7702,0.3607
605,0.7696,0.4242
606,0.7703,0.4257
607,0.7705,0.3538
608,0.7710,0.3826
609,0.7701,0.4589
610,0.7707,0.4342
611,0.7705,0.3476
612,0.7710,0.3769
613,0.7705,0.3504
614,0.7709,0.3472
615,0.7705,0.4082
616,0.7705,0.4119
617,0.7713,0.4234
618,0.7711,0.3697
619,0.7709,0.3236
620,0.7710,0.4417
621,0.7702,0.3831
622,0.7710,0.3592
623,0.7709,0.3839
624,0.7712,0.4646
625,0.7717,0.4378
626,0.7716,0.4003
627,0.7712,0.4217
628,0.7718,0.3583
629,0.7714,0.4146
630,0.7715,0.3794
631,0.7716,0.4389
632,0.7715,0.3234
633,0.7714,0.3888
634,0.7718,0.3924
635,0.7713,0.3923
636,0.7717,0.3399
637,0.7718,0.3364
638,0.7719,0.4500
639,0.7726,0.5107
640,0.7721,0.2659
641,0.7719,0.3926
642,0.7721,0.3702
643,0.7720,0.4325
644,0.7722,0.3632
645,0.7720,0.3260
646,0.7725,0.3753
647,0.7728,0.4701
648,0.7722,0.4415
649,0.7723,0.2879
650,0.7728,0.4417
651,0.7725,0.3530
652,0.7727,0.3737
653,0.7726,0.4476
654,0.7719,0.3951
655,0.7727,0.3778
656,0.7730,0.3731
657,0.7731,0.3431
658,0.7728,0.3910
659,0.7728,0.4249
660,0.7730,0.4148
661,0.7733,0.3778
662,0.7729,0.3483
663,0.7733,0.3630
664,0.7731,0.2789
665,0.7728,0.2134
666,0.7733,0.3797
667,0.7733,0.4443
668,0.7727,0.3811
669,0.7737,0.3568
670,0.7737,0.3920
671,0.7728,0.3558
672,0.7735,0.3504
673,0.7736,0.3677
674,0.7735,0.3805
675,0.7736,0.3202
676,0.7738,0.4382
677,0.7739,0.2034
678,0.7738,0.3288
679,0.7739,0.3317
680,0.7734,0.4327
681,0.7738,0.4181
682,0.7740,0.4363
683,0.7739,0.3735
684,0.7742,0.2329
685,0.7740,0.4366
686,0.7745,0.3538
687,0.7740,0.3802
688,0.7742,0.4495
689,0.7743,0.4139
690,0.7743,0.4673
691,0.7744,0.3089
692,0.7742,0.3997
693,0.7742,0.3673
694,0.7745,0.4309
695,0.7742,0.3727
696,0.7742,0.4136
697,0.7745,0.3114
698,0.7745,0.4465
699,0.7748,0.4599
700,0.7747,0.3517
701,0.7745,0.4317
702,0.7751,0.4180
703,0.7750,0.3267
704,0.7754,0.3637
705,0.7752,0.4523
706,0.7745,0.3392
707,0.7748,0.3848
708,0.7756,0.3931
709,0.7750,0.4358
710,0.7747,0.4294
711,0.7755,0.3938
712,0.7750,0.4185
713,0.7750,0.3180
714,0.7754,0.3599
715,0.7753,0.4500
716,0.7756,0.4126
717,0.7752,0.4276
718,0.7752,0.3874
719,0.7754,0.3735
720,0.7759,0.3828
721,0.7753,0.4645
722,0.7757,0.3330
723,0.7753,0.3537
724,0.7761,0.4086
725,0.7753,0.3819
726,0.7756,0.4180
727,0.7764,0.4177
728,0.7761,0.2281
729,0.7757,0.3605
730,0.7755,0.3806
731,0.7759,0.4294
732,0.7760,0.3815
733,0.7757,0.4021
734,0.7759,0.3743
735,0.7764,0.3430
736,0.7756,0.3220
737,0.7761,0.3927
738,0.7764,0.3316
739,0.7764,0.4251
740,0.7763,0.4198
741,0.7761,0.2410
742,0.7764,0.4439
743,0.7765,0.4433
744,0.7767,0.4337
745,0.7765,0.4566
746,0.7767,0.3185
747,0.7762,0.3286
748,0.7768,0.4017
749,0.7769,0.4426
750,0.7768,0.4171
751,0.7767,0.4534
752,0.7766,0.3579
753,0.7768,0.4677
754,0.7766,0.4322
755,0.7769,0.4406
756,0.7769,0.3499
757,0.7764,0.3994
758,0.7773,0.3750
759,0.7767,0.3458
760,0.7769,0.4563
761,0.7769,0.4431
762,0.7770,0.2497
763,0.7773,0.3183
764,0.7769,0.2813
765,0.7775,0.3187
766,0.7773,0.4747
767,0.7773,0.3783
768,0.7775,0.4515
769,0.7774,0.4554
770,0.7770,0.3807
771,0.7774,0.3862
772,0.7775,0.4254
773,0.7773,0.3762
774,0.7775,0.3867
775,0.7774,0.4023
776,0.7778,0.4021
777,0.7776,0.4277
778,0.7776,0.3227
779,0.7778,0.4034
780,0.7778,0.4221
781,0.7778,0.4103
782,0.7781,0.4121
783,0.7781,0.3766
784,0.7773,0.4472
785,0.7779,0.3870
786,0.7775,0.2517
787,0.7779,0.4375
788,0.7778,0.4444
789,0.7781,0.5147
790,0.7780,0.2885
791,0.7781,0.3848
792,0.7781,0.4357
793,0.7788,0.3986
794,0.7780,0.4133
795,0.7781,0.3527
796,0.7780,0.4133
797,0.7782,0.4214
798,0.7782,0.4388
799,0.7787,0.2783
800,0.7784,0.2667
801,0.7782,0.4689
802,0.7785,0.2812
803,0.7785,0.3135
804,0.7785,0.3660
805,0.7785,0.3656
806,0.7783,0.4751
807,0.7786,0.3797
808,0.7788,0.4222
809,0.7785,0.4492
810,0.7787,0.3712
811,0.7784,0.4231
812,0.7786,0.4424
813,0.7786,0.3436
814,0.7787,0.3838
815,0.7787,0.4252
816,0.7792,0.4504
817,0.7787,0.3731
818,0.7793,0.4145
819,0.7788,0.4319
820,0.7789,0.3167
821,0.7792,0.3869
822,0.7795,0.3341
823,0.7787,0.3615
824,0.7792,0.3481
825,0.7789,0.2481
826,0.7789,0.1920
827,0.7788,0.3096
828,0.7792,0.3329
829,0.7797,0.3932
830,0.7799,0.3304
831,0.7790,0.2130
832,0.7792,0.3265
833,0.7795,0.3280
834,0.7797,0.3603
835,0.7790,0.4539
836,0.7793,0.3445
837,0.7799,0.3285
838,0.7791,0.3877
839,0.7797,0.4824
840,0.7795,0.3587
841,0.7797,0.2556
842,0.7796,0.2971
843,0.7797,0.4388
844,0.7795,0.4010
845,0.7799,0.4165
846,0.7797,0.2418
847,0.7796,0.3752
848,0.7798,0.3904
849,0.7795,0.4883
850,0.7798,0.3123
851,0.7795,0.4357
852,0.7801,0.3778
853,0.7797,0.2990
854,0.7801,0.4603
855,0.7799,0.4226
856,0.7800,0.3047
857,0.7797,0.3230
858,0.7801,0.4091
859,0.7799,0.4056
860,0.7803,0.4573
861,0.7795,0.3451
862,0.7803,0.3804
863,0.7802,0.3330
864,0.7800,0.3731
865,0.7802,0.3445
866,0.7804,0.4085
867,0.7802,0.3027
868,0.7802,0.4114
869,0.7802,0.3279
870,0.7803,0.4612
871,0.7807,0.4009
872,0.7805,0.3452
873,0.7802,0.2883
874,0.7806,0.3483
875,0.7804,0.4613
876,0.7807,0.3363
877,0.7807,0.4158
878,0.7802,0.4688
879,0.7803,0.3910
880,0.7808,0.3884
881,0.7810,0.4287
882,0.7805,0.4075
883,0.7806,0.2863
884,0.7805,0.4156
885,0.7807,0.3567
886,0.7805,0.4118
887,0.7806,0.4478
888,0.7811,0.4180
889,0.7806,0.4689
890,0.7806,0.3489
891,0.7809,0.3101
892,0.7812,0.3943
893,0.7809,0.4501
894,0.7808,0.3518
895,0.7808,0.4080
896,0.7814,0.3660
897,0.7811,0.4486
898,0.7814,0.3419
899,0.7811,0.2559
900,0.7812,0.4206
901,0.7810,0.3243
902,0.7812,0.4461
903,0.7815,0.4365
904,0.7814,0.3866
905,0.7813,0.3192
906,0.7810,0.3992
907,0.7815,0.3955
908,0.7816,0.3902
909,0.7814,0.4350
910,0.7810,0.3394
911,0.7812,0.4156
912,0.7817,0.3603
913,0.7817,0.3665
914,0.7814,0.2989
915,0.7816,0.3365
916,0.7820,0.4291
917,0.7814,0.4325
918,0.7814,0.3348
919,0.7814,0.4602
920,0.7813,0.3930
921,0.7818,0.3521
922,0.7818,0.3994
923,0.7817,0.3675
924,0.7815,0.3933
925,0.7817,0.3794
926,0.7815,0.3545
927,0.7821,0.2945
928,0.7821,0.3462
929,0.7819,0.3378
930,0.7821,0.4444
931,0.7812,0.4291
932,0.7822,0.2768
933,0.7823,0.4088
934,0.7820,0.4137
935,0.7820,0.2628
936,0.7818,0.4006
937,0.7825,0.4427
938,0.7822,0.3567
939,0.7819,0.3111
940,0.7821,0.3708
941,0.7823,0.4393
942,0.7821,0.2872
943,0.7824,0.4127
944,0.7820,0.4500
945,0.7823,0.4153
946,0.7824,0.4362
947,0.7820,0.4291
948,0.7822,0.3667
949,0.7825,0.4207
950,0.7823,0.2607
951,0.7825,0.3809
952,0.7824,0.4959
953,0.7829,0.3476
954,0.7825,0.4874
955,0.7823,0.2773
956,0.7824,0.3944
957,0.7823,0.4124
958,0.7826,0.3994
959,0.7823,0.4024
960,0.7826,0.4414
961,0.7828,0.3622
962,0.7826,0.4222
963,0.7831,0.4364
964,0.7826,0.3809
965,0.7826,0.2925
966,0.7829,0.4304
967,0.7830,0.4453
968,0.7829,0.3821
969,0.7822,0.3909
970,0.7829,0.3493
971,0.7827,0.4056
972,0.7830,0.4138
973,0.7829,0.3905
974,0.7828,0.4513
975,0.7829,0.4173
976,0.7828,0.4200
977,0.7828,0.4448
978,0.7830,0.4698
979,0.7828,0.4221
980,0.7829,0.4177
981,0.7829,0.3463
982,0.7836,0.3887
983,0.7829,0.3496
984,0.7828,0.2287
985,0.7832,0.3514
986,0.7837,0.3893
987,0.7828,0.3854
988,0.7832,0.3429
989,0.7835,0.3735
990,0.7832,0.3341
991,0.7836,0.3093
992,0.7835,0.4763
993,0.7834,0.4015
994,0.7831,0.4008
995,0.7834,0.3651
996,0.7834,0.3060
997,0.7830,0.3280
998,0.7836,0.3894
999,0.7840,0.4228
1000,0.7837,0.4223
1001,0.7834,0.4225
1002,0.7836,0.3759
1003,0.7837,0.4525
1004,0.7834,0.3799
1005,0.7832,0.4017
1006,0.7837,0.4265
1007,0.7837,0.3136
1008,0.7836,0.4147
1009,0.7835,0.3947
1010,0.7834,0.3280
1011,0.7839,0.4330
1012,0.7837,0.3616
1013,0.7836,0.3426
1014,0.7836,0.3377
1015,0.7837,0.4675
1016,0.7840,0.3312
1017,0.7838,0.4005
1018,0.7837,0.3727
1019,0.7837,0.4002
1020,0.7837,0.4347
1021,0.7835,0.4412
1022,0.7843,0.3557
1023,0.7841,0.3617
1024,0.7841,0.2991
1025,0.7837,0.4114
1026,0.7839,0.4153
1027,0.7837,0.3450
1028,0.7841,0.2976
1029,0.7836,0.2942
1030,0.7840,0.3600
1031,0.7839,0.2263
1032,0.7843,0.4299
1033,0.7841,0.4246
1034,0.7841,0.4493
1035,0.7840,0.4862
1036,0.7836,0.4288
1037,0.7840,0.3730
1038,0.7844,0.4168
1039,0.7842,0.4097
1040,0.7842,0.4000
1041,0.7846,0.4061
1042,0.7844,0.4184
1043,0.7840,0.3290
1044,0.7843,0.3897
1045,0.7844,0.3424
1046,0.7845,0.2274
1047,0.7843,0.4327
1048,0.7845,0.3972
1049,0.7837,0.4004
1050,0.7845,0.3221
1051,0.7846,0.4819
1052,0.7845,0.4024
1053,0.7844,0.3928
1054,0.7844,0.3564
1055,0.7847,0.3881
1056,0.7847,0.3396
1057,0.7842,0.4224
1058,0.7846,0.3650
1059,0.7845,0.3862
1060,0.7843,0.4847
1061,0.7847,0.4665
1062,0.7845,0.2957
1063,0.7852,0.4435
1064,0.7849,0.3563
1065,0.7845,0.3630
1066,0.7847,0.2303
1067,0.7848,0.3839
1068,0.7848,0.3948
1069,0.7848,0.4867
1070,0.7845,0.4101
1071,0.7849,0.3479
1072,0.7850,0.2510
1073,0.7850,0.3933
1074,0.7848,0.4253
1075,0.7849,0.3865
1076,0.7848,0.4293
1077,0.7847,0.4008
1078,0.7848,0.4197
1079,0.7847,0.3391
1080,0.7848,0.2958
1081,0.7851,0.3483
1082,0.7851,0.4123
1083,0.7851,0.3794
1084,0.7853,0.3765
1085,0.7850,0.4043
1086,0.7854,0.3689
1087,0.7850,0.4605
1088,0.7850,0.3526
1089,0.7851,0.4650
1090,0.7849,0.3299
1091,0.7853,0.3707
1092,0.7852,0.4424
1093,0.7850,0.4656
1094,0.7853,0.3704
1095,0.7853,0.3908
1096,0.7852,0.3879
1097,0.7853,0.4374
1098,0.7855,0.4593
1099,0.7852,0.4414
1100,0.7852,0.4756
1101,0.7851,0.4287
1102,0.7856,0.4084
1103,0.7851,0.3820
1104,0.7851,0.2902
1105,0.7853,0.4793
1106,0.7856,0.2611
1107,0.7854,0.3203
1108,0.7856,0.4146
1109,0.7853,0.4278
1110,0.7857,0.2584
1111,0.7856,0.3714
1112,0.7856,0.4476
1113,0.7854,0.4030
1114,0.7855,0.4106
1115,0.7858,0.4572
1116,0.7857,0.3789
1117,0.7854,0.3543
1118,0.7857,0.3564
1119,0.7855,0.4755
1120,0.7858,0.3986
1121,0.7855,0.3926
1122,0.7854,0.4012
1123,0.7857,0.2962
1124,0.7857,0.3903
1125,0.7858,0.3093
1126,0.7856,0.2960
1127,0.7858,0.4567
1128,0.7855,0.3775
1129,0.7860,0.4018
1130,0.7855,0.2960
1131,0.7858,0.3556
1132,0.7863,0.3631
1133,0.7854,0.3432
1134,0.7858,0.4097
1135,0.7858,0.4558
1136,0.7859,0.2723
1137,0.7859,0.3534
1138,0.7864,0.4381
1139,0.7854,0.3539
1140,0.7861,0.4377
1141,0.7859,0.3787
1142,0.7857,0.4310
1143,0.7859,0.2143
1144,0.7861,0.3691
1145,0.7860,0.4028
1146,0.7859,0.3922
1147,0.7861,0.3514
1148,0.7860,0.3538
1149,0.7859,0.2692
1150,0.7861,0.3955
1151,0.7861,0.4195
1152,0.7858,0.4223
1153,0.7862,0.4237
1154,0.7863,0.4848
1155,0.7862,0.3310
1156,0.7861,0.3779
1157,0.7862,0.4021
1158,0.7861,0.3313
1159,0.7859,0.3675
1160,0.7862,0.3906
1161,0.7861,0.4685
1162,0.7866,0.4350
1163,0.7865,0.4303
1164,0.7864,0.4163
1165,0.7866,0.3744
1166,0.7864,0.4108
1167,0.7865,0.3104
1168,0.7866,0.3432
1169,0.7866,0.3688
1170,0.7862,0.4305
1171,0.7864,0.4139
1172,0.7863,0.4294
1173,0.7865,0.3679
1174,0.7868,0.4505
1175,0.7868,0.3679
1176,0.7864,0.4299
1177,0.7867,0.3766
1178,0.7869,0.4514
1179,0.7870,0.3022
1180,0.7864,0.4420
1181,0.7865,0.3338
1182,0.7864,0.4291
1183,0.7866,0.3221
1184,0.7867,0.3566
1185,0.7865,0.3759
1186,0.7867,0.4197
1187,0.7868,0.4678
1188,0.7861,0.3078
1189,0.7872,0.4216
1190,0.7868,0.4567
1191,0.7868,0.4067
1192,0.7866,0.4557
1193,0.7869,0.3044
1194,0.7871,0.2886
1195,0.7868,0.4392
1196,0.7868,0.3558
1197,0.7867,0.4279
1198,0.7869,0.3209
1199,0.7871,0.4280
1200,0.7870,0.3669
1201,0.7867,0.4078
1202,0.7864,0.2971
1203,0.7873,0.3611
1204,0.7868,0.3360
1205,0.7866,0.4191
1206,0.7867,0.3752
1207,0.7871,0.3700
1208,0.7874,0.3794
1209,0.7869,0.3926
1210,0.7868,0.3707
1211,0.7871,0.3686
1212,0.7870,0.4276
1213,0.7867,0.4121
1214,0.7869,0.3192
1215,0.7873,0.4497
1216,0.7873,0.3868
1217,0.7871,0.4401
1218,0.7866,0.2584
1219,0.7872,0.3832
1220,0.7870,0.4492
1221,0.7871,0.3484
1222,0.7873,0.3883
1223,0.7873,0.3401
1224,0.7871,0.4220
1225,0.7871,0.4057
1226,0.7872,0.3985
1227,0.7874,0.4827
1228,0.7872,0.3487
1229,0.7873,0.3827
1230,0.7872,0.3284
1231,0.7873,0.4227
1232,0.7875,0.3493
1233,0.7873,0.3191
1234,0.7872,0.3716
1235,0.7873,0.3044
1236,0.7873,0.4402
1237,0.7870,0.3453
1238,0.7876,0.3202
1239,0.7877,0.4564
1240,0.7872,0.3447
1241,0.7876,0.3248
1242,0.7874,0.2415
1243,0.7873,0.4025
1244,0.7874,0.4522
1245,0.7870,0.4364
1246,0.7877,0.2711
1247,0.7876,0.4278
1248,0.7875,0.4436
1249,0.7874,0.4930
1250,0.7876,0.3401
1251,0.7875,0.3882
1252,0.7877,0.3217
1253,0.7875,0.3883
1254,0.7878,0.3456
1255,0.7878,0.4304
1256,0.7876,0.4425
1257,0.7876,0.4004
1258,0.7877,0.3893
1259,0.7877,0.3890
1260,0.7875,0.3577
1261,0.7880,0.3659
1262,0.7876,0.3371
1263,0.7877,0.3908
1264,0.7879,0.3236
1265,0.7877,0.4082
1266,0.7880,0.3747
1267,0.7876,0.3683
1268,0.7877,0.4516
1269,0.7876,0.3022
1270,0.7875,0.3204
1271,0.7878,0.3363
1272,0.7878,0.3896
1273,0.7880,0.4327
1274,0.7883,0.4069
1275,0.7878,0.3455
1276,0.7877,0.4240
1277,0.7878,0.4196
1278,0.7880,0.3340
1279,0.7877,0.3895
1280,0.7882,0.3336
1281,0.7877,0.4212
1282,0.7882,0.3435
1283,0.7877,0.2920
1284,0.7881,0.4356
1285,0.7886,0.4387
1286,0.7878,0.2092
1287,0.7882,0.4139
1288,0.7883,0.3491
1289,0.7882,0.4021
1290,0.7880,0.3889
1291,0.7876,0.4349
1292,0.7882,0.4126
1293,0.7883,0.3369
1294,0.7881,0.4828
1295,0.7880,0.3748
1296,0.7884,0.1960
1297,0.7881,0.3744
1298,0.7881,0.3679
1299,0.7882,0.2821
1300,0.7881,0.3339
1301,0.7882,0.4704
1302,0.7883,0.4436
1303,0.7884,0.3482
1304,0.7881,0.4517
1305,0.7882,0.4165
1306,0.7882,0.3967
1307,0.7884,0.3544
1308,0.7882,0.4214
1309,0.7883,0.4349
1310,0.7886,0.3216
1311,0.7884,0.3936
1312,0.7886,0.4022
1313,0.7882,0.4275
1314,0.7886,0.4059
1315,0.7886,0.3561
1316,0.7883,0.3453
1317,0.7882,0.4628
1318,0.7885,0.3688
1319,0.7884,0.3441
1320,0.7884,0.3283
1321,0.7886,0.3596
1322,0.7882,0.4094
1323,0.7886,0.3442
1324,0.7888,0.4353
1325,0.7889,0.3702
1326,0.7884,0.3577
1327,0.7886,0.4688
1328,0.7887,0.4662
1329,0.7882,0.4324
1330,0.7884,0.4052
1331,0.7880,0.2569
1332,0.7889,0.3933
1333,0.7884,0.3526
1334,0.7887,0.3924
1335,0.7880,0.4451
1336,0.7886,0.4517
1337,0.7887,0.4443
1338,0.7885,0.2868
1339,0.7885,0.3529
1340,0.7886,0.3868
1341,0.7885,0.3532
1342,0.7886,0.4267
1343,0.7888,0.2884
1344,0.7887,0.4197
1345,0.7886,0.3857
1346,0.7888,0.3551
1347,0.7885,0.3699
1348,0.7887,0.3546
1349,0.7883,0.3327
1350,0.7887,0.4060
1351,0.7885,0.3922
1352,0.7888,0.4034
1353,0.7888,0.3646
1354,0.7888,0.3442
1355,0.7885,0.4193
1356,0.7887,0.3985
1357,0.7890,0.4692
1358,0.7891,0.4086
1359,0.7887,0.3077
1360,0.7889,0.4375
1361,0.7891,0.4167
1362,0.7884,0.3763
1363,0.7889,0.3660
1364,0.7891,0.4552
1365,0.7887,0.3478
1366,0.7893,0.3594
1367,0.7889,0.3564
1368,0.7890,0.3866
1369,0.7892,0.3644
1370,0.7886,0.4413
1371,0.7889,0.2924
1372,0.7892,0.3782
1373,0.7893,0.3948
1374,0.7892,0.3341
1375,0.7892,0.3042
1376,0.7893,0.3778
1377,0.7888,0.4638
1378,0.7888,0.3431
1379,0.7891,0.3516
1380,0.7893,0.4848
1381,0.7889,0.4098
1382,0.7889,0.3564
1383,0.7892,0.3932
1384,0.7891,0.3806
1385,0.7890,0.3539
1386,0.7890,0.4254
1387,0.7893,0.4234
1388,0.7890,0.4640
1389,0.7894,0.4285
1390,0.7892,0.3633
1391,0.7887,0.3392
1392,0.7891,0.4109
1393,0.7892,0.2291
1394,0.7895,0.3893
1395,0.7892,0.4070
1396,0.7892,0.3804
1397,0.7889,0.3278
1398,0.7893,0.4411
1399,0.7894,0.3515
1400,0.7893,0.4464
1401,0.7893,0.3326
1402,0.7896,0.3569
1403,0.7896,0.3621
1404,0.7890,0.4485
1405,0.7892,0.3658
1406,0.7891,0.3796
1407,0.7892,0.3868
1408,0.7895,0.4182
1409,0.7895,0.3801
1410,0.7892,0.3688
1411,0.7890,0.3227
1412,0.7893,0.4021
1413,0.7896,0.2785
1414,0.7895,0.3896
1415,0.7893,0.2838
1416,0.7896,0.3521
1417,0.7896,0.4246
1418,0.7894,0.2939
1419,0.7898,0.4114
1420,0.7898,0.4214
1421,0.7896,0.3718
1422,0.7895,0.2888
1423,0.7893,0.2826
1424,0.7898,0.3847
1425,0.7897,0.3475
1426,0.7896,0.2344
1427,0.7897,0.3236
1428,0.7896,0.4327
1429,0.7893,0.3922
1430,0.7892,0.3621
1431,0.7900,0.3585
1432,0.7894,0.2653
1433,0.7896,0.3576
1434,0.7896,0.3230
1435,0.7893,0.3344
1436,0.7892,0.3107
1437,0.7899,0.3084
1438,0.7896,0.4073
1439,0.7893,0.3756
1440,0.7898,0.3790
1441,0.7899,0.2691
1442,0.7897,0.2708
1443,0.7899,0.3951
1444,0.7900,0.4346
1445,0.7895,0.4483
1446,0.7896,0.3554
1447,0.7900,0.4365
1448,0.7899,0.4100
1449,0.7901,0.4148
1450,0.7900,0.4622
1451,0.7897,0.3525
1452,0.7897,0.2392
1453,0.7896,0.3702
1454,0.7901,0.2156
1455,0.7899,0.3543
1456,0.7901,0.3482
1457,0.7901,0.4765
1458,0.7898,0.4117
1459,0.7902,0.4021
1460,0.7901,0.2899
1461,0.7900,0.3461
1462,0.7897,0.3745
1463,0.7896,0.3999
1464,0.7898,0.4480
1465,0.7900,0.3765
1466,0.7900,0.2932
1467,0.7897,0.3586
1468,0.7904,0.2968
1469,0.7900,0.3837
1470,0.7898,0.3842
1471,0.7898,0.4195
1472,0.7894,0.4762
1473,0.7897,0.4334
1474,0.7901,0.4514
1475,0.7898,0.3046
1476,0.7898,0.3365
1477,0.7901,0.3176
1478,0.7899,0.4039
1479,0.7898,0.3620
1480,0.7898,0.4864
1481,0.7904,0.3111
1482,0.7902,0.4178
1483,0.7903,0.3817
1484,0.7898,0.4153
1485,0.7902,0.3892
1486,0.7902,0.3260
1487,0.7898,0.3401
1488,0.7899,0.4287
1489,0.7900,0.3381
1490,0.7902,0.4121
1491,0.7906,0.3184
1492,0.7901,0.2191
1493,0.7902,0.4276
1494,0.7903,0.3931
1495,0.7902,0.4404
1496,0.7902,0.3692
1497,0.7901,0.3328
1498,0.7903,0.3428
1499,0.7904,0.4257
1500,0.7901,0.3191
1501,0.7901,0.4189
1502,0.7905,0.4813
1503,0.7902,0.2871
1504,0.7903,0.3938
1505,0.7901,0.4005
1506,0.7906,0.3437
1507,0.7903,0.3432
1508,0.7903,0.2255
1509,0.7903,0.2857
1510,0.7897,0.4218
1511,0.7902,0.3732
1512,0.7905,0.3312
1513,0.7904,0.4206
1514,0.7902,0.3794
1515,0.7902,0.3682
1516,0.7907,0.3662
1517,0.7906,0.3728
1518,0.7905,0.3967
1519,0.7904,0.2712
1520,0.7903,0.3847
1521,0.7904,0.3741
1522,0.7906,0.3445
1523,0.7903,0.3290
1524,0.7905,0.3879
1525,0.7909,0.2789
1526,0.7906,0.3430
1527,0.7903,0.4400
1528,0.7904,0.4049
1529,0.7906,0.4568
1530,0.7909,0.3515
1531,0.7903,0.2604
1532,0.7909,0.4027
1533,0.7903,0.3582
1534,0.7909,0.3502
1535,0.7902,0.4510
1536,0.7904,0.3004
1537,0.7905,0.3616
1538,0.7901,0.4605
1539,0.7905,0.3676
1540,0.7910,0.4522
1541,0.7908,0.3808
1542,0.7907,0.4211
1543,0.7907,0.4072
1544,0.7903,0.3471
1545,0.7908,0.3388
1546,0.7907,0.4019
1547,0.7909,0.3904
1548,0.7906,0.3662
1549,0.7908,0.2940
1550,0.7910,0.4382
1551,0.7904,0.4054
1552,0.7907,0.2886
1553,0.7907,0.3413
1554,0.7907,0.3803
1555,0.7905,0.3017
1556,0.7909,0.3033
1557,0.7909,0.3059
1558,0.7909,0.3964
1559,0.7911,0.4557
1560,0.7907,0.4011
1561,0.7907,0.3873
1562,0.7910,0.4153
1563,0.7911,0.4005
1564,0.7907,0.4171
1565,0.7909,0.3990
1566,0.7909,0.3062
1567,0.7909,0.3537
1568,0.7908,0.3547
1569,0.7912,0.3525
1570,0.7911,0.4086
1571,0.7908,0.3732
1572,0.7910,0.2899
1573,0.7905,0.3330
1574,0.7910,0.3678
1575,0.7907,0.3491
1576,0.7908,0.3504
1577,0.7912,0.4700
1578,0.7911,0.3837
1579,0.7910,0.3428
1580,0.7909,0.4042
1581,0.7908,0.2899
1582,0.7909,0.4474
1583,0.7909,0.4347
1584,0.7911,0.4022
1585,0.7913,0.3957
1586,0.7911,0.4458
1587,0.7908,0.4467
1588,0.7908,0.3813
1589,0.7912,0.3255
1590,0.7910,0.4708
1591,0.7909,0.2511
1592,0.7910,0.4158
1593,0.7909,0.3321
1594,0.7909,0.3963
1595,0.7913,0.3517
1596,0.7909,0.4052
1597,0.7914,0.4058
1598,0.7910,0.3703
1599,0.7910,0.3549
1600,0.7907,0.3949
1601,0.7913,0.3753
1602,0.7912,0.4112
1603,0.7914,0.4049
1604,0.7906,0.3888
1605,0.7913,0.4178
1606,0.7911,0.4489
1607,0.7910,0.4223
1608,0.7912,0.3438
1609,0.7914,0.4682
1610,0.7916,0.2754
1611,0.7913,0.4245
1612,0.7918,0.3173
1613,0.7913,0.3878
1614,0.7914,0.3459
1615,0.7917,0.3984
1616,0.7911,0.3626
1617,0.7913,0.2208
1618,0.7916,0.3553
1619,0.7914,0.3614
1620,0.7913,0.3511
1621,0.7911,0.4093
1622,0.7912,0.3513
1623,0.7912,0.3785
1624,0.7914,0.4744
1625,0.7914,0.3454
1626,0.7913,0.2477
1627,0.7912,0.3392
1628,0.7914,0.3765
1629,0.7914,0.4098
1630,0.7916,0.3413
1631,0.7912,0.4155
1632,0.7914,0.4699
1633,0.7915,0.3059
1634,0.7916,0.2657
1635,0.7917,0.3589
1636,0.7917,0.3507
1637,0.7915,0.3837
1638,0.7911,0.3113
1639,0.7911,0.3414
1640,0.7915,0.2885
1641,0.7916,0.3289
1642,0.7912,0.3979
1643,0.7915,0.4615
1644,0.7917,0.4689
1645,0.7915,0.3327
1646,0.7914,0.4589
1647,0.7915,0.3887
1648,0.7918,0.3401
1649,0.7918,0.3605
1650,0.7913,0.4175
1651,0.7915,0.4233
1652,0.7919,0.3979
1653,0.7914,0.3874
1654,0.7918,0.3013
1655,0.7914,0.3784
1656,0.7919,0.4442
1657,0.7917,0.4052
1658,0.7922,0.4376
1659,0.7914,0.4379
1660,0.7916,0.4094
1661,0.7916,0.3746
1662,0.7918,0.4310
1663,0.7916,0.4059
1664,0.7914,0.2271
1665,0.7919,0.4038
1666,0.7919,0.3742
1667,0.7916,0.3682
1668,0.7914,0.4192
1669,0.7918,0.3125
1670,0.7921,0.3208
1671,0.7918,0.4791
1672,0.7917,0.3811
1673,0.7915,0.3769
1674,0.7915,0.4845
1675,0.7920,0.3840
1676,0.7918,0.2445
1677,0.7918,0.3743
1678,0.7911,0.4196
1679,0.7921,0.3666
1680,0.7918,0.3887
1681,0.7916,0.3997
1682,0.7918,0.3879
1683,0.7918,0.4337
1684,0.7916,0.3495
1685,0.7920,0.3929
1686,0.7916,0.4123
1687,0.7923,0.4498
1688,0.7920,0.4028
1689,0.7914,0.4543
1690,0.7919,0.3773
1691,0.7917,0.4178
1692,0.7920,0.3516
1693,0.7920,0.2067
1694,0.7918,0.3360
1695,0.7919,0.3201
1696,0.7921,0.4103
1697,0.7922,0.2294
1698,0.7919,0.4601
1699,0.7919,0.3904
1700,0.7917,0.3772
1701,0.7921,0.3841
1702,0.7920,0.2976
1703,0.7918,0.2981
1704,0.7922,0.3777
1705,0.7921,0.3999
1706,0.7920,0.3932
1707,0.7920,0.3455
1708,0.7918,0.4255
1709,0.7918,0.3883
1710,0.7923,0.2688
1711,0.7921,0.4478
1712,0.7922,0.3413
1713,0.7921,0.3978
1714,0.7921,0.3790
1715,0.7922,0.2473
1716,0.7919,0.4398
1717,0.7922,0.4315
1718,0.7922,0.3932
1719,0.7918,0.3179
1720,0.7921,0.3222
1721,0.7918,0.4538
1722,0.7921,0.3318
1723,0.7924,0.2621
1724,0.7921,0.4223
1725,0.7924,0.3385
1726,0.7923,0.4264
1727,0.7921,0.3036
1728,0.7920,0.3593
1729,0.7924,0.3307
1730,0.7921,0.4690
1731,0.7924,0.3672
1732,0.7920,0.3386
1733,0.7922,0.3375
1734,0.7921,0.4015
1735,0.7920,0.3474
1736,0.7922,0.3730
1737,0.7925,0.3332
1738,0.7921,0.4331
1739,0.7924,0.2699
1740,0.7921,0.3842
1741,0.7925,0.3164
1742,0.7923,0.3140
1743,0.7923,0.2831
1744,0.7921,0.3941
1745,0.7921,0.2994
1746,0.7923,0.4085
1747,0.7924,0.3957
1748,0.7922,0.3507
1749,0.7921,0.3667
1750,0.7922,0.4011
1751,0.7925,0.3457
1752,0.7923,0.2310
1753,0.7923,0.2911
1754,0.7921,0.3840
1755,0.7927,0.5087
1756,0.7927,0.2499
1757,0.7921,0.4101
1758,0.7923,0.3185
1759,0.7925,0.4325
1760,0.7926,0.3657
1761,0.7923,0.3762
1762,0.7920,0.3700
1763,0.7922,0.4078
1764,0.7922,0.3680
1765,0.7924,0.4419
1766,0.7923,0.4413
1767,0.7929,0.2971
1768,0.7925,0.4579
1769,0.7924,0.2632
1770,0.7924,0.4762
1771,0.7925,0.3701
1772,0.7922,0.3668
1773,0.7927,0.3765
1774,0.7923,0.4124
1775,0.7926,0.3717
1776,0.7926,0.4133
1777,0.7924,0.3881
1778,0.7923,0.3978
1779,0.7927,0.3111
1780,0.7924,0.4376
1781,0.7925,0.3626
1782,0.7926,0.3693
1783,0.7924,0.4399
1784,0.7925,0.4395
1785,0.7925,0.2785
1786,0.7926,0.4521
1787,0.7928,0.4262
1788,0.7927,0.3526
1789,0.7924,0.4192
1790,0.7927,0.2619
1791,0.7928,0.3539
1792,0.7929,0.3468
1793,0.7926,0.3498
1794,0.7926,0.4557
1795,0.7926,0.3050
1796,0.7925,0.4034
1797,0.7927,0.3259
1798,0.7925,0.4389
1799,0.7927,0.4581
1800,0.7930,0.3276
1801,0.7927,0.4110
1802,0.7925,0.3813
1803,0.7927,0.2700
1804,0.7925,0.3457
1805,0.7927,0.3141
1806,0.7926,0.3725
1807,0.7927,0.4079
1808,0.7928,0.2052
1809,0.7929,0.3176
1810,0.7926,0.3596
1811,0.7929,0.3942
1812,0.7925,0.3507
1813,0.7928,0.3445
1814,0.7927,0.3856
1815,0.7926,0.4360
1816,0.7926,0.3298
1817,0.7928,0.4242
1818,0.7930,0.3616
1819,0.7928,0.3835
1820,0.7927,0.2605
1821,0.7929,0.3640
1822,0.7931,0.3343
1823,0.7928,0.2846
1824,0.7928,0.4084
1825,0.7930,0.3941
1826,0.7927,0.3727
1827,0.7932,0.2976
1828,0.7932,0.3601
1829,0.7927,0.3643
1830,0.7929,0.3450
1831,0.7927,0.3973
1832,0.7923,0.3887
1833,0.7929,0.4208
1834,0.7933,0.3719
1835,0.7929,0.3510
1836,0.7927,0.3826
1837,0.7928,0.4965
1838,0.7932,0.3291
1839,0.7931,0.3996
1840,0.7931,0.3640
1841,0.7928,0.4645
1842,0.7932,0.4261
1843,0.7930,0.3667
1844,0.7929,0.3517
1845,0.7929,0.3481
1846,0.7928,0.3846
1847,0.7932,0.3341
1848,0.7926,0.4000
1849,0.7928,0.3722
1850,0.7930,0.3518
1851,0.7932,0.3539
1852,0.7930,0.3536
1853,0.7931,0.4002
1854,0.7930,0.2792
1855,0.7931,0.4258
1856,0.7931,0.3857
1857,0.7929,0.4115
1858,0.7929,0.4099
1859,0.7934,0.3951
1860,0.7930,0.4514
1861,0.7933,0.3305
1862,0.7930,0.3592
1863,0.7931,0.3941
1864,0.7931,0.3918
1865,0.7929,0.3873
1866,0.7935,0.2526
1867,0.7932,0.3508
1868,0.7930,0.3914
1869,0.7930,0.4159
1870,0.7932,0.3656
1871,0.7931,0.3876
1872,0.7934,0.3563
1873,0.7932,0.4113
1874,0.7929,0.3110
1875,0.7930,0.3277
1876,0.7930,0.3094
1877,0.7929,0.3791
1878,0.7933,0.4271
1879,0.7931,0.2907
1880,0.7931,0.3568
1881,0.7933,0.4580
1882,0.7930,0.3804
1883,0.7933,0.4040
1884,0.7931,0.4489
1885,0.7936,0.3399
1886,0.7935,0.3780
1887,0.7936,0.3620
1888,0.7933,0.3389
1889,0.7933,0.3720
1890,0.7932,0.3475
1891,0.7932,0.3640
1892,0.7934,0.3720
1893,0.7936,0.4525
1894,0.7937,0.4308
1895,0.7935,0.4028
1896,0.7929,0.2855
1897,0.7934,0.3939
1898,0.7937,0.3539
1899,0.7930,0.3137
1900,0.7935,0.2837
1901,0.7930,0.3872
1902,0.7932,0.4753
1903,0.7934,0.4538
1904,0.7930,0.3638
1905,0.7932,0.4096
1906,0.7932,0.3180
1907,0.7935,0.3934
1908,0.7933,0.3831
1909,0.7936,0.3307
1910,0.7932,0.2228
1911,0.7934,0.4299
1912,0.7935,0.2971
1913,0.7935,0.3739
1914,0.7935,0.2925
1915,0.7933,0.3675
1916,0.7933,0.1977
1917,0.7933,0.3747
1918,0.7930,0.3828
1919,0.7934,0.3081
1920,0.7934,0.4959
1921,0.7934,0.4212
1922,0.7933,0.4622
1923,0.7932,0.4029
1924,0.7934,0.3374
1925,0.7935,0.4507
1926,0.7934,0.2762
1927,0.7939,0.2788
1928,0.7935,0.2870
1929,0.7935,0.3356
1930,0.7936,0.2987
1931,0.7932,0.3206
1932,0.7936,0.3319
1933,0.7931,0.4239
1934,0.7936,0.4990
1935,0.7938,0.3403
1936,0.7933,0.3361
1937,0.7936,0.3705
1938,0.7938,0.3218
1939,0.7937,0.3242
1940,0.7936,0.3052
1941,0.7938,0.3963
1942,0.7935,0.4076
1943,0.7937,0.3656
1944,0.7932,0.4289
1945,0.7936,0.4796
1946,0.7936,0.3773
1947,0.7933,0.4646
1948,0.7934,0.3841
1949,0.7939,0.3413
1950,0.7937,0.2804
1951,0.7935,0.4668
1952,0.7939,0.2725
1953,0.7937,0.4782
1954,0.7934,0.3465
1955,0.7936,0.4087
1956,0.7941,0.3577
1957,0.7934,0.3743
1958,0.7940,0.3665
1959,0.7936,0.4082
1960,0.7936,0.4748
1961,0.7940,0.3051
1962,0.7937,0.3891
1963,0.7939,0.4162
1964,0.7938,0.3072
1965,0.7938,0.4121
1966,0.7940,0.4061
1967,0.7938,0.3088
1968,0.7937,0.2526
1969,0.7938,0.3367
1970,0.7938,0.2866
1971,0.7938,0.2810
1972,0.7933,0.3292
1973,0.7940,0.3675
1974,0.7938,0.4313
1975,0.7939,0.3137
1976,0.7939,0.4778
1977,0.7938,0.2510
1978,0.7937,0.3834
1979,0.7938,0.3842
1980,0.7935,0.4136
1981,0.7941,0.3672
1982,0.7940,0.2080
1983,0.7938,0.4114
1984,0.7934,0.2830
1985,0.7942,0.4775
1986,0.7939,0.3536
1987,0.7940,0.3941
1988,0.7938,0.3931
1989,0.7939,0.4256
1990,0.7937,0.2649
1991,0.7942,0.3878
1992,0.7940,0.3637
1993,0.7937,0.3746
1994,0.7940,0.3987
1995,0.7935,0.3079
1996,0.7939,0.4694
1997,0.7944,0.4137
1998,0.7938,0.3795
1999,0.7940,0.3469
2000,0.7938,0.4269
2001,0.7941,0.3342
2002,0.7937,0.3438
2003,0.7942,0.3095
2004,0.7936,0.2991
2005,0.7940,0.3768
2006,0.7939,0.3457
2007,0.7941,0.3088
2008,0.7939,0.3602
2009,0.7941,0.4248
2010,0.7939,0.3765
2011,0.7941,0.4810
2012,0.7940,0.3392
2013,0.7938,0.3074
2014,0.7939,0.4004
2015,0.7940,0.4038
2016,0.7941,0.4747
2017,0.7940,0.3471
2018,0.7940,0.4276
2019,0.7940,0.3684
2020,0.7941,0.3399
2021,0.7942,0.3650
2022,0.7938,0.3610
2023,0.7940,0.4167
2024,0.7940,0.3543
2025,0.7939,0.3943
2026,0.7939,0.3603
2027,0.7940,0.4629
2028,0.7938,0.3766
2029,0.7941,0.4376
2030,0.7943,0.3101
2031,0.7941,0.3994
2032,0.7941,0.4771
2033,0.7939,0.3759
2034,0.7939,0.3689
2035,0.7944,0.3160
2036,0.7941,0.4273
2037,0.7940,0.3198
2038,0.7940,0.4399
2039,0.7943,0.4170
2040,0.7943,0.4165
2041,0.7940,0.4244
2042,0.7944,0.3855
2043,0.7944,0.3951
2044,0.7944,0.4089
2045,0.7941,0.3593
2046,0.7940,0.4095
2047,0.7941,0.3151
2048,0.7939,0.3792
2049,0.7943,0.4215
2050,0.7941,0.4022
2051,0.7944,0.3369
2052,0.7945,0.3757
2053,0.7943,0.4261
2054,0.7941,0.3244
2055,0.7940,0.4229
2056,0.7943,0.3483
2057,0.7943,0.3948
2058,0.7944,0.4432
2059,0.7944,0.3209
2060,0.7941,0.2648
2061,0.7943,0.3858
2062,0.7944,0.3997
2063,0.7944,0.3065
2064,0.7944,0.3830
2065,0.7942,0.3573
2066,0.7941,0.3732
2067,0.7941,0.2586
2068,0.7944,0.4623
2069,0.7943,0.3950
2070,0.7942,0.4014
2071,0.7940,0.4132
2072,0.7947,0.3517
2073,0.7944,0.3951
2074,0.7943,0.3409
2075,0.7942,0.2607
2076,0.7943,0.3631
2077,0.7943,0.3590
2078,0.7946,0.3289
2079,0.7943,0.3487
2080,0.7944,0.4106
2081,0.7947,0.3133
2082,0.7947,0.4220
2083,0.7945,0.2216
2084,0.7944,0.4659
2085,0.7944,0.4243
2086,0.7945,0.3157
2087,0.7945,0.3600
2088,0.7944,0.4716
2089,0.7945,0.3753
2090,0.7945,0.4036
2091,0.7942,0.4420
2092,0.7943,0.4188
2093,0.7947,0.4297
2094,0.7949,0.3516
2095,0.7942,0.2988
2096,0.7947,0.3277
2097,0.7942,0.4298
2098,0.7947,0.3178
2099,0.7943,0.4245
2100,0.7945,0.3870
2101,0.7942,0.3598
2102,0.7945,0.4645
2103,0.7946,0.3658
2104,0.7947,0.4150
2105,0.7942,0.3580
2106,0.7944,0.3309
2107,0.7945,0.3502
2108,0.7947,0.4190
2109,0.7944,0.4530
2110,0.7949,0.3688
2111,0.7945,0.4213
2112,0.7946,0.2704
2113,0.7948,0.3599
2114,0.7949,0.4785
2115,0.7946,0.3042
2116,0.7945,0.2971
2117,0.7946,0.3309
2118,0.7944,0.4325
2119,0.7947,0.4027
2120,0.7945,0.3866
2121,0.7943,0.1894
2122,0.7948,0.3058
2123,0.7948,0.3838
2124,0.7946,0.2342
2125,0.7944,0.3858
2126,0.7947,0.3743
2127,0.7949,0.3319
2128,0.7944,0.2932
2129,0.7948,0.4049
2130,0.7945,0.2913
2131,0.7943,0.3481
2132,0.7949,0.4666
2133,0.7946,0.3961
2134,0.7947,0.3429
2135,0.7949,0.3786
2136,0.7948,0.3075
2137,0.7947,0.3808
2138,0.7942,0.3505
2139,0.7947,0.2618
2140,0.7945,0.3435
2141,0.7948,0.3728
2142,0.7946,0.2082
2143,0.7946,0.3196
2144,0.7947,0.4703
2145,0.7949,0.2872
2146,0.7949,0.3840
2147,0.7948,0.4270
2148,0.7944,0.3692
2149,0.7948,0.3683
2150,0.7947,0.4348
2151,0.7946,0.4338
2152,0.7947,0.4143
2153,0.7948,0.3445
2154,0.7948,0.4199
2155,0.7945,0.3988
2156,0.7948,0.3451
2157,0.7951,0.4003
2158,0.7948,0.3843
2159,0.7944,0.3524
2160,0.7947,0.3670
2161,0.7949,0.4112
2162,0.7949,0.2284
2163,0.7948,0.3068
2164,0.7948,0.4377
2165,0.7943,0.4437
2166,0.7949,0.3427
2167,0.7949,0.3598
2168,0.7952,0.4279
2169,0.7946,0.3858
2170,0.7948,0.4134
2171,0.7951,0.4213
2172,0.7949,0.3668
2173,0.7948,0.4159
2174,0.7950,0.4624
2175,0.7950,0.4206
2176,0.7947,0.3947
2177,0.7952,0.4136
2178,0.7950,0.3906
2179,0.7947,0.3860
2180,0.7949,0.4138
2181,0.7948,0.4230
2182,0.7951,0.4719
2183,0.7938,0.3959
2184,0.7952,0.3318
2185,0.7949,0.3174
2186,0.7950,0.4055
2187,0.7946,0.3422
2188,0.7949,0.3555
2189,0.7944,0.4060
2190,0.7947,0.2940
2191,0.7950,0.3165
2192,0.7950,0.3508
2193,0.7949,0.4024
2194,0.7951,0.4706
2195,0.7950,0.3502
2196,0.7952,0.3529
2197,0.7950,0.4439
2198,0.7949,0.4230
2199,0.7949,0.3864
2200,0.7947,0.3136
2201,0.7952,0.3534
2202,0.7949,0.4440
2203,0.7951,0.3502
2204,0.7950,0.3939
2205,0.7948,0.3617
2206,0.7952,0.3283
2207,0.7951,0.4401
2208,0.7953,0.3866
2209,0.7948,0.3188
2210,0.7946,0.4302
2211,0.7948,0.3808
2212,0.7951,0.4005
2213,0.7952,0.2584
2214,0.7950,0.3980
2215,0.7952,0.3927
2216,0.7947,0.3511
2217,0.7949,0.3561
2218,0.7951,0.4216
2219,0.7951,0.4553
2220,0.7951,0.4674
2221,0.7954,0.3434
2222,0.7950,0.2818
2223,0.7953,0.3340
2224,0.7951,0.3948
2225,0.7952,0.3688
2226,0.7952,0.3522
2227,0.7951,0.3377
2228,0.7949,0.4234
2229,0.7951,0.3301
2230,0.7953,0.4617
2231,0.7952,0.2886
2232,0.7949,0.3329
2233,0.7950,0.3717
2234,0.7952,0.3102
2235,0.7948,0.3962
2236,0.7950,0.4166
2237,0.7953,0.3071
2238,0.7951,0.4658
2239,0.7952,0.3831
2240,0.7954,0.3772
2241,0.7949,0.3693
2242,0.7954,0.3916
2243,0.7948,0.3832
2244,0.7950,0.3848
2245,0.7954,0.3113
2246,0.7952,0.2849
2247,0.7950,0.3650
2248,0.7953,0.3819
2249,0.7952,0.2979
2250,0.7954,0.4177
2251,0.7950,0.3849
2252,0.7953,0.3864
2253,0.7952,0.3913
2254,0.7951,0.4355
2255,0.7956,0.3751
2256,0.7954,0.2103
2257,0.7951,0.4601
2258,0.7954,0.3320
2259,0.7952,0.3599
2260,0.7952,0.2750
2261,0.7954,0.4132
2262,0.7955,0.4198
2263,0.7953,0.2719
2264,0.7956,0.3920
2265,0.7954,0.3002
2266,0.7953,0.3287
2267,0.7952,0.3047
2268,0.7955,0.4930
2269,0.7957,0.3467
2270,0.7958,0.4537
2271,0.7955,0.3457
2272,0.7954,0.4771
2273,0.7953,0.2766
2274,0.7954,0.4974
2275,0.7951,0.4564
2276,0.7954,0.3321
2277,0.7953,0.3935
2278,0.7955,0.3786
2279,0.7953,0.4536
2280,0.7954,0.4232
2281,0.7957,0.3266
2282,0.7952,0.2869
2283,0.7953,0.3719
2284,0.7956,0.4392
2285,0.7953,0.3643
2286,0.7954,0.2987
2287,0.7954,0.4361
2288,0.7953,0.4108
2289,0.7954,0.3911
2290,0.7953,0.3755
2291,0.7955,0.3378
2292,0.7953,0.2901
2293,0.7955,0.3668
2294,0.7955,0.3566
2295,0.7954,0.4479
2296,0.7955,0.3515
2297,0.7954,0.3766
2298,0.7956,0.4292
2299,0.7958,0.4524
2300,0.7953,0.3447
2301,0.7955,0.3722
2302,0.7955,0.3690
2303,0.7954,0.4108
2304,0.7951,0.2016
2305,0.7957,0.3158
2306,0.7950,0.4755
2307,0.7956,0.4148
2308,0.7954,0.3912
2309,0.7957,0.3678
2310,0.7951,0.4099
2311,0.7955,0.2783
2312,0.7957,0.4476
2313,0.7955,0.3061
2314,0.7958,0.3311
2315,0.7956,0.3760
2316,0.7954,0.3669
2317,0.7956,0.3678
2318,0.7955,0.3793
2319,0.7957,0.4059
2320,0.7956,0.4104
2321,0.7954,0.3904
2322,0.7957,0.4514
2323,0.7955,0.3555
2324,0.7955,0.3789
2325,0.7958,0.4135
2326,0.7956,0.3245
2327,0.7955,0.4292
2328,0.7953,0.2715
2329,0.7955,0.4293
2330,0.7956,0.3462
2331,0.7954,0.3586
2332,0.7957,0.3894
2333,0.7959,0.2799
2334,0.7953,0.3364
2335,0.7953,0.3858
2336,0.7958,0.3080
2337,0.7957,0.3333
2338,0.7959,0.4234
2339,0.7957,0.3602
2340,0.7957,0.3969
2341,0.7957,0.3740
2342,0.7954,0.4138
2343,0.7958,0.4273
2344,0.7960,0.4273
2345,0.7954,0.3334
2346,0.7955,0.3194
2347,0.7956,0.3474
2348,0.7956,0.3468
2349,0.7956,0.3608
2350,0.7960,0.3419
2351,0.7955,0.2700
2352,0.7958,0.3193
2353,0.7956,0.3353
2354,0.7958,0.3692
2355,0.7957,0.4386
2356,0.7957,0.2907
2357,0.7958,0.3410
2358,0.7957,0.3653
2359,0.7955,0.3087
2360,0.7958,0.2342
2361,0.7959,0.4298
2362,0.7956,0.3498
2363,0.7959,0.4356
2364,0.7957,0.4694
2365,0.7956,0.3581
2366,0.7956,0.4331
2367,0.7959,0.4055
2368,0.7958,0.4255
2369,0.7957,0.4158
2370,0.7958,0.3367
2371,0.7957,0.3657
2372,0.7958,0.3317
2373,0.7958,0.1892
2374,0.7956,0.3635
2375,0.7959,0.3045
2376,0.7957,0.3919
2377,0.7957,0.3571
2378,0.7959,0.2935
2379,0.7958,0.2929
2380,0.7959,0.2976
2381,0.7960,0.2894
2382,0.7958,0.2305
2383,0.7958,0.3710
2384,0.7959,0.3103
2385,0.7958,0.3646
2386,0.7960,0.2729
2387,0.7958,0.3657
2388,0.7955,0.2949
2389,0.7958,0.4884
2390,0.7962,0.2520
2391,0.7956,0.3668
2392,0.7957,0.2815
2393,0.7960,0.3109
2394,0.7958,0.2757
2395,0.7959,0.4166
2396,0.7962,0.2901
2397,0.7956,0.4243
2398,0.7959,0.3931
2399,0.7958,0.3300
2400,0.7960,0.2990
2401,0.7961,0.3865
2402,0.7961,0.3905
2403,0.7957,0.4565
2404,0.7957,0.4101
2405,0.7959,0.4008
2406,0.7963,0.4142
2407,0.7962,0.4240
2408,0.7961,0.3526
2409,0.7960,0.2300
2410,0.7961,0.3817
2411,0.7960,0.4040
2412,0.7962,0.3501
2413,0.7958,0.3935
2414,0.7961,0.4302
2415,0.7959,0.3583
2416,0.7961,0.3250
2417,0.7959,0.4362
2418,0.7960,0.2314
2419,0.7959,0.3130
2420,0.7959,0.3715
2421,0.7961,0.4132
2422,0.7964,0.3843
2423,0.7956,0.3288
2424,0.7961,0.4120
2425,0.7957,0.3464
2426,0.7960,0.4141
2427,0.7955,0.3775
2428,0.7967,0.3937
2429,0.7960,0.3229
2430,0.7962,0.4143
2431,0.7960,0.3857
2432,0.7960,0.4515
2433,0.7960,0.3675
2434,0.7961,0.3027
2435,0.7960,0.3288
2436,0.7958,0.3636
2437,0.7956,0.3992
2438,0.7961,0.4404
2439,0.7962,0.4558
2440,0.7961,0.4454
2441,0.7960,0.3262
2442,0.7960,0.4433
2443,0.7961,0.3341
2444,0.7962,0.2431
2445,0.7962,0.3861
2446,0.7961,0.4368
2447,0.7960,0.4376
2448,0.7960,0.3623
2449,0.7960,0.4448
2450,0.7959,0.4154
2451,0.7963,0.3297
2452,0.7961,0.3644
2453,0.7961,0.2596
2454,0.7962,0.3098
2455,0.7964,0.3712
2456,0.7963,0.3744
2457,0.7965,0.4586
2458,0.7962,0.3537
2459,0.7959,0.4303
2460,0.7961,0.2323
2461,0.7966,0.3764
2462,0.7962,0.4103
2463,0.7961,0.3180
2464,0.7961,0.2906
2465,0.7957,0.3177
2466,0.7961,0.4005
2467,0.7961,0.4560
2468,0.7962,0.3905
2469,0.7957,0.2894
2470,0.7961,0.2209
2471,0.7958,0.4216
2472,0.7963,0.4581
2473,0.7963,0.3217
2474,0.7964,0.3623
2475,0.7959,0.4133
2476,0.7964,0.3377
2477,0.7963,0.4027
2478,0.7963,0.3494
2479,0.7963,0.4524
2480,0.7963,0.4492
2481,0.7962,0.4597
2482,0.7961,0.4160
2483,0.7966,0.3832
2484,0.7966,0.3734
2485,0.7959,0.4453
2486,0.7962,0.3647
2487,0.7965,0.3309
2488,0.7963,0.3420
2489,0.7962,0.3876
2490,0.7966,0.3653
2491,0.7963,0.3295
2492,0.7962,0.2977
2493,0.7963,0.2538
2494,0.7963,0.4986
2495,0.7963,0.4708
2496,0.7964,0.3343
2497,0.7962,0.3337
2498,0.7963,0.3786
2499,0.7963,0.4148
2500,0.7965,0.4108
2501,0.7965,0.3930
2502,0.7960,0.3608
2503,0.7966,0.3487
2504,0.7965,0.3546
2505,0.7961,0.4631
2506,0.7963,0.2796
2507,0.7967,0.3856
2508,0.7964,0.3745
2509,0.7962,0.2444
2510,0.7961,0.4741
2511,0.7963,0.4040
2512,0.7959,0.3819
2513,0.7966,0.3232
2514,0.7964,0.3152
2515,0.7962,0.3980
2516,0.7963,0.3330
2517,0.7967,0.3747
2518,0.7963,0.4576
2519,0.7965,0.3756
2520,0.7967,0.4744
2521,0.7965,0.4734
2522,0.7963,0.4950
2523,0.7965,0.3884
2524,0.7963,0.4091
2525,0.7962,0.2826
2526,0.7965,0.4497
2527,0.7961,0.2597
2528,0.7966,0.2456
2529,0.7965,0.3847
2530,0.7965,0.4204
2531,0.7964,0.4327
2532,0.7960,0.3000
2533,0.7962,0.4372
2534,0.7966,0.4469
2535,0.7962,0.4297
2536,0.7967,0.4027
2537,0.7965,0.3536
2538,0.7965,0.3430
2539,0.7965,0.4505
2540,0.7963,0.3450
2541,0.7964,0.4109
2542,0.7963,0.3686
2543,0.7965,0.3165
2544,0.7963,0.3486
2545,0.7962,0.4083
2546,0.7964,0.3458
2547,0.7963,0.3242
2548,0.7967,0.3393
2549,0.7968,0.3753
2550,0.7966,0.4137
2551,0.7963,0.4531
2552,0.7968,0.3656
2553,0.7968,0.3185
2554,0.7968,0.3945
2555,0.7963,0.3181
2556,0.7966,0.4329
2557,0.7963,0.4098
2558,0.7966,0.4019
2559,0.7965,0.3989
2560,0.7969,0.3590
2561,0.7967,0.3956
2562,0.7962,0.4143
2563,0.7967,0.3098
2564,0.7966,0.4081
2565,0.7968,0.2786
2566,0.7967,0.3716
2567,0.7967,0.3676
2568,0.7967,0.2808
2569,0.7965,0.3503
2570,0.7967,0.2996
2571,0.7967,0.3937
2572,0.7969,0.3541
2573,0.7966,0.4335
2574,0.7968,0.2816
2575,0.7967,0.2887
2576,0.7965,0.3713
2577,0.7966,0.2665
2578,0.7967,0.2141
2579,0.7968,0.3530
2580,0.7963,0.3492
2581,0.7969,0.3926
2582,0.7965,0.3259
2583,0.7965,0.3655
2584,0.7968,0.4419
2585,0.7965,0.4253
2586,0.7965,0.4340
2587,0.7963,0.4060
2588,0.7967,0.3560
2589,0.7972,0.2268
2590,0.7967,0.4174
2591,0.7969,0.3473
2592,0.7967,0.3781
2593,0.7967,0.5106
2594,0.7965,0.3382
2595,0.7965,0.2762
2596,0.7966,0.3920
2597,0.7966,0.3985
2598,0.7963,0.4376
2599,0.7969,0.2789
2600,0.7967,0.3766
2601,0.7968,0.4912
2602,0.7968,0.4615
2603,0.7966,0.3869
2604,0.7967,0.3016
2605,0.7967,0.4165
2606,0.7973,0.2992
2607,0.7966,0.2981
2608,0.7966,0.4287
2609,0.7969,0.3449
2610,0.7967,0.2039
2611,0.7966,0.4100
2612,0.7971,0.1779
2613,0.7966,0.3824
2614,0.7969,0.4050
2615,0.7970,0.4557
2616,0.7967,0.3994
2617,0.7969,0.3259
2618,0.7967,0.3940
2619,0.7967,0.3997
2620,0.7970,0.3160
2621,0.7967,0.3552
2622,0.7968,0.3477
2623,0.7969,0.3566
2624,0.7971,0.3201
2625,0.7966,0.3419
2626,0.7969,0.3307
2627,0.7966,0.3752
2628,0.7970,0.3410
2629,0.7967,0.3113
2630,0.7970,0.4192
2631,0.7967,0.3227
2632,0.7970,0.3714
2633,0.7966,0.4457
2634,0.7968,0.2450
2635,0.7972,0.3523
2636,0.7968,0.3251
2637,0.7965,0.3423
2638,0.7968,0.3675
2639,0.7974,0.3083
2640,0.7967,0.4596
2641,0.7968,0.1381
2642,0.7971,0.3720
2643,0.7965,0.2843
2644,0.7971,0.3786
2645,0.7970,0.3491
2646,0.7971,0.4261
2647,0.7969,0.4193
2648,0.7968,0.3613
2649,0.7967,0.3750
2650,0.7968,0.3425
2651,0.7970,0.3534
2652,0.7971,0.2292
2653,0.7967,0.2730
2654,0.7968,0.4503
2655,0.7969,0.3499
2656,0.7971,0.2433
2657,0.7970,0.3622
2658,0.7967,0.3458
2659,0.7969,0.3473
2660,0.7970,0.2591
2661,0.7969,0.4091
2662,0.7969,0.3804
2663,0.7969,0.4433
2664,0.7969,0.3749
2665,0.7971,0.4345
2666,0.7972,0.3748
2667,0.7970,0.4482
2668,0.7971,0.4624
2669,0.7973,0.3792
2670,0.7968,0.4554
2671,0.7971,0.4082
2672,0.7967,0.4102
2673,0.7973,0.2799
2674,0.7971,0.4104
2675,0.7966,0.3514
2676,0.7969,0.4467
2677,0.7969,0.2608
2678,0.7973,0.3995
2679,0.7970,0.3664
2680,0.7969,0.4276
2681,0.7972,0.3485
2682,0.7971,0.4384
2683,0.7970,0.4303
2684,0.7973,0.2389
2685,0.7970,0.2893
2686,0.7970,0.3927
2687,0.7973,0.3279
2688,0.7973,0.3574
2689,0.7976,0.2841
2690,0.7971,0.3051
2691,0.7969,0.4074
2692,0.7969,0.4251
2693,0.7971,0.3779
2694,0.7970,0.3593
2695,0.7971,0.3030
2696,0.7968,0.4205
2697,0.7975,0.3738
2698,0.7971,0.2400
2699,0.7972,0.4286
2700,0.7973,0.4790
2701,0.7972,0.3436
2702,0.7971,0.4121
2703,0.7971,0.4128
2704,0.7969,0.3311
2705,0.7976,0.3586
2706,0.7969,0.2838
2707,0.7973,0.3661
2708,0.7968,0.3348
2709,0.7972,0.3368
2710,0.7975,0.3971
2711,0.7973,0.3892
2712,0.7969,0.4129
2713,0.7972,0.4419
2714,0.7973,0.3448
2715,0.7971,0.4166
2716,0.7972,0.4186
2717,0.7972,0.4026
2718,0.7973,0.2955
2719,0.7972,0.2853
2720,0.7972,0.2322
2721,0.7970,0.4366
2722,0.7972,0.2938
2723,0.7972,0.3848
2724,0.7973,0.3788
2725,0.7972,0.3006
2726,0.7973,0.3172
2727,0.7970,0.1933
2728,0.7973,0.4168
2729,0.7971,0.3726
2730,0.7975,0.4052
2731,0.7973,0.3542
2732,0.7970,0.4392
2733,0.7975,0.4402
2734,0.7972,0.3150
2735,0.7974,0.4975
2736,0.7973,0.4385
2737,0.7970,0.2695
2738,0.7974,0.3094
2739,0.7972,0.3022
2740,0.7975,0.3356
2741,0.7971,0.4316
2742,0.7972,0.3417
2743,0.7972,0.3067
2744,0.7973,0.3220
2745,0.7971,0.3961
2746,0.7973,0.4527
2747,0.7977,0.3580
2748,0.7972,0.4149
2749,0.7972,0.3096
2750,0.7973,0.4210
2751,0.7973,0.4265
2752,0.7972,0.4438
2753,0.7969,0.4391
2754,0.7973,0.4378
2755,0.7973,0.3710
2756,0.7976,0.4338
2757,0.7974,0.3083
2758,0.7973,0.3154
2759,0.7973,0.3708
2760,0.7970,0.3785
2761,0.7973,0.4284
2762,0.7973,0.3895
2763,0.7972,0.2649
2764,0.7975,0.3527
2765,0.7971,0.2127
2766,0.7972,0.3614
2767,0.7976,0.3574
2768,0.7976,0.4194
2769,0.7973,0.3190
2770,0.7976,0.4201
2771,0.7976,0.2437
2772,0.7975,0.3451
2773,0.7975,0.2898
2774,0.7971,0.3233
2775,0.7975,0.4048
2776,0.7974,0.3242
2777,0.7975,0.4086
2778,0.7973,0.4150
2779,0.7974,0.3378
2780,0.7972,0.3971
2781,0.7976,0.4427
2782,0.7972,0.1752
2783,0.7976,0.2630
2784,0.7976,0.3514
2785,0.7977,0.3009
2786,0.7976,0.3566
2787,0.7970,0.3837
2788,0.7973,0.4082
2789,0.7975,0.3768
2790,0.7974,0.2939
2791,0.7978,0.3391
2792,0.7975,0.4671
2793,0.7973,0.2670
2794,0.7975,0.3805
2795,0.7976,0.3143
2796,0.7975,0.4141
2797,0.7974,0.3475
2798,0.7976,0.3036
2799,0.7977,0.3827
2800,0.7975,0.3533
2801,0.7977,0.3219
2802,0.7976,0.4211
2803,0.7972,0.4031
2804,0.7976,0.3599
2805,0.7976,0.2446
2806,0.7975,0.3266
2807,0.7977,0.1653
2808,0.7974,0.3554
2809,0.7977,0.3876
2810,0.7968,0.3699
2811,0.7977,0.4352
2812,0.7975,0.4053
2813,0.7974,0.3873
2814,0.7976,0.3076
2815,0.7974,0.3186
2816,0.7975,0.4165
2817,0.7974,0.3426
2818,0.7977,0.2001
2819,0.7973,0.4013
2820,0.7975,0.2709
2821,0.7973,0.3065
2822,0.7977,0.3745
2823,0.7975,0.4096
2824,0.7976,0.4651
2825,0.7977,0.3294
2826,0.7975,0.3430
2827,0.7975,0.2777
2828,0.7974,0.4215
2829,0.7979,0.2496
2830,0.7973,0.3969
2831,0.7971,0.3442
2832,0.7981,0.3282
2833,0.7975,0.4386
2834,0.7979,0.4525
2835,0.7976,0.4212
2836,0.7980,0.3616
2837,0.7975,0.3753
2838,0.7976,0.3523
2839,0.7974,0.4364
2840,0.7974,0.2771
2841,0.7977,0.4145
2842,0.7975,0.3743
2843,0.7979,0.3735
2844,0.7973,0.2414
2845,0.7975,0.3992
2846,0.7978,0.3190
2847,0.7978,0.4080
2848,0.7976,0.4849
2849,0.7979,0.2730
2850,0.7977,0.4041
2851,0.7978,0.4074
2852,0.7979,0.2426
2853,0.7975,0.4921
2854,0.7978,0.4085
2855,0.7977,0.2863
2856,0.7978,0.4146
2857,0.7975,0.4514
2858,0.7977,0.3679
2859,0.7976,0.3663
2860,0.7976,0.4002
2861,0.7978,0.3710
2862,0.7978,0.4223
2863,0.7977,0.4339
2864,0.7976,0.2382
2865,0.7977,0.3217
2866,0.7978,0.4218
2867,0.7975,0.4140
2868,0.7979,0.3244
2869,0.7978,0.3477
2870,0.7976,0.3172
2871,0.7977,0.2575
2872,0.7972,0.3326
2873,0.7977,0.3524
2874,0.7979,0.3851
2875,0.7981,0.4143
2876,0.7979,0.3940
2877,0.7975,0.3507
2878,0.7979,0.4050
2879,0.7979,0.4166
2880,0.7975,0.3999
2881,0.7976,0.4025
2882,0.7978,0.2956
2883,0.7979,0.4052
2884,0.7979,0.3711
2885,0.7973,0.3134
2886,0.7982,0.4098
2887,0.7981,0.3327
2888,0.7975,0.4466
2889,0.7976,0.3947
2890,0.7978,0.3846
2891,0.7975,0.2565
2892,0.7977,0.4591
2893,0.7979,0.4193
2894,0.7976,0.3071
2895,0.7980,0.3002
2896,0.7980,0.3368
2897,0.7977,0.3724
2898,0.7979,0.3095
2899,0.7978,0.3938
2900,0.7977,0.3894
2901,0.7980,0.3250
2902,0.7977,0.3604
2903,0.7980,0.2394
2904,0.7979,0.3731
2905,0.7980,0.3194
2906,0.7979,0.3526
2907,0.7975,0.3261
2908,0.7979,0.4547
2909,0.7980,0.3867
2910,0.7981,0.3604
2911,0.7978,0.3796
2912,0.7975,0.4053
2913,0.7981,0.2915
2914,0.7975,0.4356
2915,0.7978,0.3883
2916,0.7978,0.3694
2917,0.7980,0.4049
2918,0.7978,0.3909
2919,0.7980,0.2898
2920,0.7982,0.3983
2921,0.7979,0.4724
2922,0.7980,0.3536
2923,0.7981,0.3455
2924,0.7975,0.3762
2925,0.7979,0.2762
2926,0.7980,0.3682
2927,0.7979,0.3627
2928,0.7980,0.3126
2929,0.7978,0.3261
2930,0.7978,0.2917
2931,0.7980,0.3784
2932,0.7978,0.3993
2933,0.7978,0.3793
2934,0.7980,0.2652
2935,0.7981,0.3906
2936,0.7980,0.5056
2937,0.7978,0.4352
2938,0.7979,0.4250
2939,0.7979,0.4050
2940,0.7976,0.2484
2941,0.7982,0.3793
2942,0.7980,0.3571
2943,0.7978,0.2956
2944,0.7981,0.3177
2945,0.7977,0.3122
2946,0.7981,0.3732
2947,0.7980,0.3055
2948,0.7982,0.4092
2949,0.7980,0.3075
2950,0.7977,0.3577
2951,0.7980,0.4341
2952,0.7979,0.2575
2953,0.7982,0.2854
2954,0.7978,0.4304
2955,0.7978,0.4151
2956,0.7982,0.3482
2957,0.7982,0.4461
2958,0.7981,0.3682
2959,0.7980,0.4196
2960,0.7979,0.3940
2961,0.7979,0.4181
2962,0.7979,0.4005
2963,0.7979,0.4214
2964,0.7982,0.3360
2965,0.7978,0.4137
2966,0.7984,0.2793
2967,0.7979,0.3448
2968,0.7980,0.2914
2969,0.7981,0.3753
2970,0.7982,0.2474
2971,0.7980,0.4059
2972,0.7982,0.3476
2973,0.7982,0.3163
2974,0.7978,0.2838
2975,0.7982,0.4424
2976,0.7979,0.3687
2977,0.7985,0.4251
2978,0.7981,0.3763
2979,0.7980,0.4172
2980,0.7981,0.3448
2981,0.7980,0.3863
2982,0.7979,0.4350
2983,0.7981,0.4159
2984,0.7981,0.3362
2985,0.7981,0.3670
2986,0.7979,0.2973
2987,0.7980,0.4344
2988,0.7983,0.3688
2989,0.7984,0.4037
2990,0.7981,0.4089
2991,0.7983,0.3015
2992,0.7982,0.4372
2993,0.7980,0.4020
2994,0.7981,0.3181
2995,0.7975,0.2758
2996,0.7983,0.2727
2997,0.7979,0.4818
2998,0.7980,0.3691
2999,0.7981,0.3684
